# velocity & flux
7.143107069173375749e+03 1.764822719095461708e-04
7.121504831964390178e+03 6.333180267991516668e-04
7.099905635288053418e+03 7.005485006036316293e-04
7.078309478502525963e+03 5.830371880324586439e-04
7.056716360966097454e+03 8.793307378276180118e-04
7.035126282037291276e+03 1.239704966189957361e-03
7.013539241074651727e+03 3.377540608353562352e-04
6.991955237437065080e+03 3.916645649212240673e-05
6.970374270483539476e+03 7.902523034817709319e-05
6.948796339573323166e+03 -8.186147428883216114e-05
6.927221444065680771e+03 1.018424875435023296e-07
6.905649583320217971e+03 -1.976037745413358588e-05
6.884080756696668686e+03 1.340321783342894948e-04
6.862514963554996939e+03 -1.145199121668221570e-04
6.840952203255242239e+03 7.488926101473684189e-04
6.819392475157625995e+03 2.652602752664205265e-03
6.797835778622653379e+03 3.473460131870205990e-03
6.776282113010956891e+03 3.890913019237644214e-03
6.754731477683401863e+03 2.251178991653911710e-03
6.733183872000873635e+03 1.296179940970480088e-03
6.711639295324598606e+03 9.422900427791540585e-04
6.690097747015925052e+03 1.477893817057035399e-03
6.668559226436440440e+03 2.407819628983438529e-03
6.647023732947745884e+03 1.946619037769739286e-03
6.625491265911785376e+03 6.519367168003175478e-04
6.603961824690629328e+03 1.815745384368968414e-04
6.582435408646575524e+03 1.717445153939859944e-05
6.560912017141949036e+03 8.030819548429753618e-05
6.539391649539459650e+03 9.107193876410427655e-05
6.517874305201788957e+03 6.979648852983405235e-05
6.496359983491955063e+03 1.042343352321159977e-04
6.474848683773099765e+03 1.354009268707611702e-04
6.453340405408599509e+03 6.361454050110711914e-05
6.431835147761849839e+03 -1.762809503475922764e-06
6.410332910196585544e+03 0.000000000000000000e+00
6.388833692076663283e+03 0.000000000000000000e+00
6.367337492766172545e+03 0.000000000000000000e+00
6.345844311629227377e+03 7.485555915544233978e-05
6.324354148030325632e+03 1.035170505100846793e-05
6.302867001333936059e+03 3.941709001915577452e-04
6.281382870904862102e+03 1.951825439819931203e-04
6.259901756108085465e+03 4.012794467663556184e-04
6.238423656308610589e+03 1.392192634743244506e-03
6.216948570871776610e+03 1.669585288839650888e-03
6.195476499163047265e+03 7.826884775207021503e-04
6.174007440548117302e+03 -7.521358925673693872e-07
6.152541394392703296e+03 1.154081539162782316e-04
6.131078360062854699e+03 3.463897694879566501e-04
6.109618336924751020e+03 0.000000000000000000e+00
6.088161324344795503e+03 0.000000000000000000e+00
6.066707321689416858e+03 0.000000000000000000e+00
6.045256328325430331e+03 0.000000000000000000e+00
6.023808343619617517e+03 0.000000000000000000e+00
