# velocity & flux
7.730466084657708052e+03 0.000000000000000000e+00
7.708777470450418150e+03 0.000000000000000000e+00
7.687091915285353025e+03 0.000000000000000000e+00
7.665409418515476318e+03 0.000000000000000000e+00
7.643729979493774408e+03 0.000000000000000000e+00
7.622053597573419211e+03 0.000000000000000000e+00
7.600380272107866404e+03 0.000000000000000000e+00
7.578710002450756292e+03 0.000000000000000000e+00
7.557042787955808308e+03 0.000000000000000000e+00
7.535378627976971075e+03 -1.178837397551299501e-08
7.513717521868327822e+03 3.660855890140550605e-09
7.492059468984299201e+03 3.156109565558892945e-03
7.470404468679332240e+03 9.756377005118278085e-04
7.448752520308103158e+03 -5.363159270934744630e-04
7.427103623225426418e+03 5.018398263594256968e-03
7.405457776786447539e+03 1.690836084084442956e-02
7.383814980346340235e+03 1.674664330031608653e-02
7.362175233260459208e+03 1.686334557979740634e-02
7.340538534884445653e+03 1.410112022483418943e-02
7.318904884574123571e+03 1.623564511255823350e-02
7.297274281685391543e+03 1.813366072741558199e-02
7.275646725574382799e+03 1.765140196439412071e-02
7.254022215597357899e+03 2.710945183338931558e-02
7.232400751110921192e+03 2.101295009258369317e-02
7.210782331471696125e+03 2.243783667449410907e-02
7.189166956036539887e+03 1.633254857805574098e-02
7.167554624162440632e+03 1.417541924340727684e-02
7.145945335206723939e+03 1.852987805496962917e-02
7.124339088526685373e+03 1.282026544421621499e-02
7.102735883480014309e+03 1.057053310991033952e-02
7.081135719424420131e+03 1.286924902196002335e-02
7.059538595717795033e+03 1.699343543912663901e-02
7.037944511718368631e+03 2.032007837444769691e-02
7.016353466784394186e+03 1.478385475444961641e-02
6.994765460274305951e+03 1.029124135365591663e-02
6.973180491546874691e+03 1.521978245011315969e-02
6.951598559960894818e+03 1.362874791003208796e-02
6.930019664875395392e+03 1.251535002032759178e-02
6.908443805649530077e+03 7.800182008001816346e-03
6.886870981642794504e+03 6.813168215199067422e-03
6.865301192214650655e+03 6.420869218405371968e-03
6.843734436724950683e+03 4.291604626070953839e-03
6.822170714533574028e+03 3.241578181360419905e-03
6.800610025000574751e+03 2.300145905047573745e-03
6.779052367486347976e+03 1.779514535992661982e-03
6.757497741351307923e+03 1.306238918533230309e-03
6.735946145956052533e+03 1.348256552636224260e-03
6.714397580661513530e+03 8.454711632356850430e-04
6.692852044828648104e+03 0.000000000000000000e+00
6.671309537818642639e+03 -8.449151761136995382e-11
6.649770058992813574e+03 5.582112932270635280e-10
6.628233607712809317e+03 4.435053813148678943e-10
6.606700183340254625e+03 -3.461859644115481059e-11
6.585169785237158067e+03 0.000000000000000000e+00
