# velocity & flux
4.308096565624638060e+03 0.000000000000000000e+00
4.297791279303326519e+03 0.000000000000000000e+00
4.287485993740810954e+03 0.000000000000000000e+00
4.277180708886768116e+03 0.000000000000000000e+00
4.266875424690874752e+03 0.000000000000000000e+00
4.256570141253776455e+03 0.000000000000000000e+00
4.246264858525151794e+03 0.000000000000000000e+00
4.235959576454676608e+03 0.000000000000000000e+00
4.225654295092673237e+03 0.000000000000000000e+00
4.215349014489464935e+03 0.000000000000000000e+00
4.205043734544406107e+03 3.765373178666383690e-04
4.194738455358141437e+03 5.421684143525959529e-04
4.184433176830027151e+03 2.923970261429413402e-03
4.174127899010384681e+03 3.330487931348561238e-03
4.163822621949536369e+03 6.819267079790572103e-03
4.153517345597159874e+03 1.233050444686875462e-02
4.143212069902932853e+03 1.254363351546505800e-02
4.132906794967499991e+03 1.140714143143932782e-02
4.122601520740538035e+03 1.836867039436004823e-02
4.112296247171725554e+03 2.841295623793167052e-02
4.101990974311384889e+03 4.065757106319121961e-02
4.091685702209837928e+03 5.433893133571258277e-02
4.081380430766439531e+03 7.888471616817459287e-02
4.071075160081834838e+03 9.182344928716278110e-02
4.060769890055379619e+03 9.418442295927484387e-02
4.050464620737394398e+03 1.014676661771101718e-01
4.040159352178203335e+03 9.215598032326610678e-02
4.029854084327483179e+03 7.618886504847723062e-02
4.019548817134911133e+03 8.884534044423471333e-02
4.009243550701132335e+03 1.091514040435987432e-01
3.998938284925501648e+03 1.412137623233115646e-01
3.988633019908664664e+03 1.511135186095317051e-01
3.978327755549975336e+03 1.619822648467051096e-01
3.968022491950079257e+03 1.466938600462829034e-01
3.957717229008330833e+03 1.255703116943082120e-01
3.947411966825374748e+03 1.193056315988606786e-01
3.937106705300567683e+03 9.555200970592067633e-02
3.926801444484230615e+03 7.692587374372665543e-02
3.916496184426685431e+03 5.796488822544370451e-02
3.906190925077610700e+03 4.066174860920030582e-02
3.895885666386683624e+03 2.325391551479530361e-02
3.885580408454548433e+03 5.063074136891142392e-03
3.875275151180560897e+03 8.340153802262662008e-03
3.864969894665365246e+03 3.814215145213461621e-03
3.854664638808317704e+03 3.719152197241993988e-04
3.844359383710062048e+03 0.000000000000000000e+00
3.834054129269953137e+03 0.000000000000000000e+00
3.823748875588636110e+03 0.000000000000000000e+00
3.813443622565466285e+03 0.000000000000000000e+00
3.803138370250765547e+03 0.000000000000000000e+00
3.792833118694856239e+03 0.000000000000000000e+00
3.782527867847416474e+03 0.000000000000000000e+00
3.772222617658123454e+03 0.000000000000000000e+00
3.761917368227621864e+03 0.000000000000000000e+00
3.751612119455267020e+03 0.000000000000000000e+00
3.741306871441703152e+03 0.000000000000000000e+00
3.731001624086285574e+03 0.000000000000000000e+00
3.720696377489659426e+03 0.000000000000000000e+00
3.710391131551180024e+03 0.000000000000000000e+00
3.700085886371491142e+03 0.000000000000000000e+00
3.689780641849948097e+03 0.000000000000000000e+00
3.679475398087196027e+03 0.000000000000000000e+00
3.669170154982590248e+03 0.000000000000000000e+00
