# velocity & flux
5.235818426340821134e+03 0.000000000000000000e+00
5.214483851229882021e+03 0.000000000000000000e+00
5.193152260316074717e+03 0.000000000000000000e+00
5.171823652973370372e+03 -4.465541942876204504e-05
5.150498028575859280e+03 1.283041987505336790e-03
5.129175386497860927e+03 3.308710657752780056e-03
5.107855726113713899e+03 8.407089538227895814e-03
5.086539046798139680e+03 1.085759353989376903e-02
5.065225347925825190e+03 8.773596929958289020e-03
5.043914628871841160e+03 6.999308322432586799e-03
5.022606889011225576e+03 4.992394808468756176e-03
5.001302127719348391e+03 5.178937706497828766e-03
4.980000344371697793e+03 4.792022452698399548e-03
4.958701538343992979e+03 2.564050410130338555e-03
4.937405709011968611e+03 3.622100685621709205e-03
4.916112855751744064e+03 2.285275167582818089e-03
4.894822977939404154e+03 2.143580493686824458e-03
4.873536074951416595e+03 4.797214436387880858e-03
4.852252146164212718e+03 3.801762417473551585e-03
4.830971190954558551e+03 6.065192151452072737e-03
4.809693208699338356e+03 1.014258334667567964e-02
4.788418198775664678e+03 1.481524897783774788e-02
4.767146160560666431e+03 1.265325407487431428e-02
4.745877093431857247e+03 1.664653812951149767e-02
4.724610996766713470e+03 1.660490669620100918e-02
4.703347869943043406e+03 7.644908775137645648e-03
4.682087712338827259e+03 6.893757637522954056e-03
4.660830523332066150e+03 5.382814661168536241e-03
4.639576302301138639e+03 6.918085970740458536e-03
4.618325048624393276e+03 1.064904974089692785e-02
4.597076761680504205e+03 6.575457057150757914e-03
4.575831440848321108e+03 4.833804167632133574e-03
4.554589085506711854e+03 1.141859725809675008e-03
4.533349695034871729e+03 1.084612554005539567e-03
4.512113268812170645e+03 2.750900579757257526e-04
4.490879806217993973e+03 0.000000000000000000e+00
4.469649306632111802e+03 0.000000000000000000e+00
4.448421769434256021e+03 0.000000000000000000e+00
4.427197194004487756e+03 0.000000000000000000e+00
4.405975579722991824e+03 0.000000000000000000e+00
4.384756925970174052e+03 0.000000000000000000e+00
4.363541232126461182e+03 0.000000000000000000e+00
4.342328497572658307e+03 0.000000000000000000e+00
4.321118721689536869e+03 0.000000000000000000e+00
4.299911903858244841e+03 0.000000000000000000e+00
4.278708043459850160e+03 0.000000000000000000e+00
4.257507139875950088e+03 0.000000000000000000e+00
4.236309192487954533e+03 0.000000000000000000e+00
4.215114200677704503e+03 0.000000000000000000e+00
4.193922163827006443e+03 0.000000000000000000e+00
4.172733081318045151e+03 0.000000000000000000e+00
4.151546952532971773e+03 0.000000000000000000e+00
4.130363776854316711e+03 0.000000000000000000e+00
4.109183553664574902e+03 0.000000000000000000e+00
4.088006282346568696e+03 0.000000000000000000e+00
4.066831962283240500e+03 0.000000000000000000e+00
