# velocity & flux
4.509520193997949718e+03 0.000000000000000000e+00
4.488907296585000040e+03 0.000000000000000000e+00
4.468294399172050362e+03 0.000000000000000000e+00
4.447681501759099774e+03 0.000000000000000000e+00
4.427068604346150096e+03 0.000000000000000000e+00
4.406455706933200418e+03 0.000000000000000000e+00
4.385842809520249830e+03 0.000000000000000000e+00
4.365229912107300152e+03 0.000000000000000000e+00
4.344617014694350473e+03 7.094847968711743245e-05
4.324004117281399886e+03 1.126661854787702581e-02
4.303391219868450207e+03 5.698945615797456829e-03
4.282778322455500529e+03 2.827223901598417254e-03
4.262165425042549941e+03 -1.663027842341910714e-03
4.241552527629600263e+03 4.406295238983493762e-03
4.220939630216649675e+03 1.058527638227968991e-02
4.200326732803699997e+03 1.666224399572559592e-02
4.179713835390750319e+03 2.308118753485299476e-02
4.159100937977799731e+03 1.460900661908969521e-02
4.138488040564850053e+03 1.867372615751041603e-02
4.117875143151900375e+03 1.692159994589413977e-02
4.097262245738949787e+03 -7.576641535588897296e-03
4.076649348326000109e+03 4.321449664252837407e-03
4.056036450913049975e+03 2.897670669919991462e-02
4.035423553500099842e+03 5.977854258332867404e-02
4.014810656087150164e+03 6.891577457143277519e-02
3.994197758674200031e+03 7.405513432538647633e-02
3.973584861261249898e+03 5.398022223231158101e-02
3.952971963848300220e+03 9.255241201164894627e-02
3.932359066435350087e+03 1.060264425392001414e-01
3.911746169022399954e+03 1.155295963168301854e-01
3.891133271609450276e+03 1.220922636296225966e-01
3.870520374196500143e+03 1.258636691237759175e-01
3.849907476783550010e+03 1.015442930014210376e-01
3.829294579370600331e+03 1.106470030015541117e-01
3.808681681957650198e+03 9.944472086217789886e-02
3.788068784544700065e+03 9.667971542178942224e-02
3.767455887131750387e+03 6.527620374589833407e-02
3.746842989718800254e+03 9.374776143032045872e-02
3.726230092305850121e+03 3.922361400418485078e-02
3.705617194892899988e+03 4.964460250594025792e-02
3.685004297479949855e+03 1.480784277316063782e-02
3.664391400067000177e+03 8.675673312214932792e-03
3.643778502654050044e+03 3.007331815922578352e-02
3.623165605241099911e+03 9.565678122050894766e-03
3.602552707828150233e+03 8.351795342034123645e-03
3.581939810415200100e+03 1.338350471441643319e-02
3.561326913002249967e+03 -5.601286082175643485e-03
3.540714015589300288e+03 5.191372338180903073e-03
3.520101118176350155e+03 1.208645234575803432e-02
3.499488220763400022e+03 2.793095107307746235e-03
3.478875323350450344e+03 -1.081227369028181636e-03
3.458262425937500211e+03 1.731619557860449368e-02
3.437649528524550078e+03 -4.276615511369213571e-03
3.417036631111600400e+03 -3.632750378070112238e-03
3.396423733698649812e+03 4.027011796284399141e-03
3.375810836285700134e+03 1.078751825500957537e-02
3.355197938872750456e+03 0.000000000000000000e+00
3.334585041459799868e+03 0.000000000000000000e+00
3.313972144046850190e+03 0.000000000000000000e+00
3.293359246633900057e+03 0.000000000000000000e+00
3.272746349220949924e+03 0.000000000000000000e+00
3.252133451808000245e+03 0.000000000000000000e+00
3.231520554395050112e+03 0.000000000000000000e+00
