# velocity & flux
3.322710254671227631e+03 0.000000000000000000e+00
3.280577835722883265e+03 0.000000000000000000e+00
3.238457127795283668e+03 0.000000000000000000e+00
3.196348126006462735e+03 0.000000000000000000e+00
3.154250825476959562e+03 0.000000000000000000e+00
3.112165221330231816e+03 0.000000000000000000e+00
3.070091308692241455e+03 0.000000000000000000e+00
3.028029082691862186e+03 0.000000000000000000e+00
2.985978538460519758e+03 1.215129960270399344e-03
2.943939671132343847e+03 2.426920400187195664e-04
2.901912475844321762e+03 3.756028503346952457e-03
2.859896947735931917e+03 5.502782185362661317e-03
2.817893081949559928e+03 6.040578032471720198e-03
2.775900873630080696e+03 5.618112738953558692e-03
2.733920317925218114e+03 5.088537833765593640e-03
2.691951409985387727e+03 4.072908621266196558e-03
2.649994144963543022e+03 4.761737381020359622e-03
2.608048518015531499e+03 3.101882289179321364e-03
2.566114524299681307e+03 3.817495209766630024e-03
2.524192158977212330e+03 3.061084367185986851e-03
2.482281417211873304e+03 4.173377851083134339e-03
2.440382294170094610e+03 4.098060863637566567e-03
2.398494785021139705e+03 4.268658784417885509e-03
2.356618884936744507e+03 6.196562207609375081e-03
2.314754589091526213e+03 6.168274609972970203e-03
2.272901892662571754e+03 4.054952071867647806e-03
2.231060790829843427e+03 1.351921046306692057e-03
2.189231278775770988e+03 -2.030823291538063344e-04
2.147413351685655016e+03 0.000000000000000000e+00
2.105607004747260817e+03 0.000000000000000000e+00
2.063812233151220425e+03 0.000000000000000000e+00
